!!SYSTEM_INI
NUM_CHANS=1
JEDEC_DATA_BUS_BITS=64
TRANS_QUEUE_DEPTH=32
CMD_QUEUE_DEPTH=32
READ_CMD_QUEUE_DEPTH=64
WRITE_CMD_QUEUE_DEPTH=64
WRITE_LOW_THEROLD=10
WRITE_HIGHT_THEROLD=60
MARKING_CAP=8
NUM_THREAD=3
EPOCH_LENGTH=100000
QUANTUM=1000000
USE_LOW_POWER=true
TOTAL_ROW_ACCESSES=4
ROW_BUFFER_POLICY=open_page
SCHEDULING_POLICY=par-bs
ADDRESS_MAPPING_SCHEME=scheme8
QUEUING_STRUCTURE=per_rank
DEBUG_TRANS_Q=false
DEBUG_CMD_Q=false
DEBUG_ADDR_MAP=false
DEBUG_BANKSTATE=false
DEBUG_BUS=false
DEBUG_BANKS=false
DEBUG_POWER=false
VIS_FILE_OUTPUT=true
VERIFICATION_OUTPUT=false
NUM_RANKS=1
!!DEVICE_INI
NUM_BANKS=8
NUM_ROWS=32768
NUM_COLS=1024
DEVICE_WIDTH=8
REFRESH_PERIOD=7800
tCK=1.5
CL=10
AL=0
BL=8
tRAS=24
tRCD=10
tRRD=4
tRC=34
tRP=10
tCCD=4
tRTP=5
tWTR=5
tWR=10
tRTRS=1
tRFC=107
tFAW=20
tCKE=4
tXP=4
tCMD=1
IDD0=130
IDD1=155
IDD2P=10
IDD2Q=70
IDD2N=70
IDD3Pf=60
IDD3Ps=60
IDD3N=90
IDD4W=300
IDD4R=255
IDD5=305
IDD6=9
IDD6L=12
IDD7=460
Vdd=1.5
!!EPOCH_DATA
ms,Background_Power[0][0],ACT_PRE_Power[0][0],Burst_Power[0][0],Refresh_Power[0][0],Bandwidth[0][0][0],Average_Latency[0][0][0],Bandwidth[0][0][1],Average_Latency[0][0][1],Bandwidth[0][0][2],Average_Latency[0][0][2],Bandwidth[0][0][3],Average_Latency[0][0][3],Bandwidth[0][0][4],Average_Latency[0][0][4],Bandwidth[0][0][5],Average_Latency[0][0][5],Bandwidth[0][0][6],Average_Latency[0][0][6],Bandwidth[0][0][7],Average_Latency[0][0][7],Rank_Aggregate_Bandwidth[0][0],Rank_Average_Bandwidth[0][0],Aggregate_Bandwidth[0],Average_Bandwidth[0],
0.15,1.07343,0.137779,0.174398,0.0524514,0.104904,33.1136,0.102123,33.2101,0.110467,31.7374,0.123978,32.3365,0.116428,32.2628,0.109275,32.4764,0.102917,31.2046,0.104904,31.5795,0.874996,0.874996,0.874996,0.109375,
0.3,1.06861,0.22127,0.31955,0.0524514,0.175238,44.2,0.176827,44.3029,0.181595,43.1673,0.182788,44.6008,0.180801,43.996,0.176827,44.6311,0.175238,44.0875,0.176032,42.7,1.42535,1.42535,1.42535,0.178168,
0.45,1.06804,0.237931,0.339962,0.0524514,0.190735,46.7562,0.185966,45.9447,0.184377,46.6164,0.184377,46.5388,0.184774,47.2306,0.189145,46.2712,0.190735,46.2125,0.190735,46.3438,1.50084,1.50084,1.50084,0.187606,
0.6,1.0679,0.237931,0.339199,0.0524514,0.184377,46.5388,0.189145,47.076,0.190735,46.15,0.190735,46.2812,0.189543,46.3375,0.184377,48.181,0.184377,45.7047,0.184377,46.2349,1.49767,1.49767,1.49767,0.187208,
0.75,1.06803,0.23737,0.339199,0.055212,0.187159,45.5987,0.184377,46.3772,0.184377,47.9224,0.184377,45.7694,0.185569,46.6293,0.190735,45.9625,0.190735,47.075,0.190735,47.0625,1.49806,1.49806,1.49806,0.187258,
0.9,1.06799,0.237557,0.340042,0.0524514,0.187953,47.1795,0.190735,46.0875,0.190735,46.15,0.190735,47.4875,0.187556,46.2405,0.184377,44.9483,0.184377,46.4289,0.184377,47.431,1.50084,1.50084,1.50084,0.187606,
1.05,1.06792,0.238306,0.33912,0.0524514,0.184774,47.5236,0.184377,46.5388,0.184377,45.8405,0.184377,46.6228,0.187556,47.8723,0.190735,46.3688,0.190735,45.9625,0.190337,46.2125,1.49727,1.49727,1.49727,0.187159,
1.2,1.06804,0.237744,0.340042,0.0524514,0.190337,45.9916,0.190735,47.55,0.190735,45.4188,0.190735,46.15,0.185172,45.8112,0.184377,48.1487,0.184377,46.5388,0.184774,45.7047,1.50124,1.50124,1.50124,0.187655,
1.35,1.06798,0.237557,0.338839,0.055212,0.184377,46.6616,0.184377,45.7694,0.184377,48.181,0.184377,46.2802,0.18994,46.2427,0.190735,46.3438,0.190735,47.55,0.186364,46.1519,1.49528,1.49528,1.49528,0.18691,
1.5,1.06796,0.237931,0.339559,0.0524514,0.190735,46.15,0.190735,46.2812,0.190735,46.3375,0.185966,47.4957,0.184377,46.4289,0.184377,46.2802,0.184377,45.7694,0.188748,47.5915,1.50005,1.50005,1.50005,0.187506,
1.50741,1.0677,0.231298,0.331343,0.0559165,0.128779,36.75,0.128779,59.0625,0.128779,38.0625,0.225364,46.5,0.257558,63.375,0.257558,37.4062,0.217315,47.9062,0.128779,38.0625,1.47291,1.47291,1.47291,0.184114,!!HISTOGRAM_DATA
10=12830
20=2598
30=962
40=1
60=686
70=686
80=690
120=685
140=138
180=1
190=12
200=1
220=26
230=15

